1011841
1012188
1012272
1011169
1012306
1011917
1011413
1011636
1011434
1012580
1011911
1011536
1011473
1011127
1011075
1011342
1011166
1012415
1011096
1012172
1012615
1011907
1015118
1011307
1011455
1012524
1012676
1011394
1012312
1015100
1012740
1011333
1012189
1012442
1012579
1011177
1011973
1012342
1011769
1012589
1012648
1011923
1012661
1011375
1011556
1012419
1011494
1011214
1011491
1011156
1015728
1011856
1012218
1011340
1011523
1011252
1011754
1011198
1011209
1016215
1011479
1012191
1011216
1011108
1011710
1011579
1012388
1015119
1012252
1011454
1011132
1012680
1011698
1011673
1012402
1011326
1016169
1011547
1011840
1011200
1011691
1011300
1011858
1011531
1011894
1012247
1013029
1012290
1016176
1011606
1012274
1011733
1011950
1012341
1012606
1012651
1012586
1011249
1011088
1011429
1011763
1011238
1011179
1011951
1011643
1011428
1011264
1012438
1015444
1012719
1011391
1011480
1012251
1016168
1012308
1012302
1012627
1014482
1011496
1011828
1011515
1016057
1011681
1012180
1011474
110000
1011148
1011354
1012261
1011154
1012331
1012177
1012755
1011765
1011692
1011080
1011969
1011525
1012282
1012343
1012692
1011291
1012699
1011335
1011091
1012183
1012698
1011811
1012286
1012691
1012836
1012749
1011305
1011281
1011509
1012785
1011358
1012573
1012440
1011837
1014481
1012623
1012201
1011288
1012360
1011083
1011507
1015112
1011921
1011463
1012245
1011457
1012656
1011979
1011731
1012271
1011661
1011812
1011594
1015726
1011775
1012292
1011770
1011263
1012584
1011133
1011101
1011440
1012273
1012174
1011313
1012441
1015120
1011266
1011306
1011526
1011865
1014477
1012200
1012672
1012167
1012257
1011806
1011589
1012213
1011360
1011114
1011364
1011308
1011423
1012299
1012578
1011082
1011389
1012666
1012293
1011493
1011956
1011695
1011559
1012738
879019
536504
698446
262801
404616
562246
764451
958934
362571
559187
864539
868059
181053
313362
499308
383059
258309
282351
837035
853377
623475
986123
989767
706072
424791
932015
330885
449277
139263
133124
388040
257203
339822
747622
635772
796950
761523
129257
527405
811167
436891
187281
481684
451107
209249
389908
931833
428867
809902
929781
710889
857115
290637
659871
396746
816565
733264
614368
508946
710053
940411
524243
321555
547386
930432
265562
380811
535470
486329
170803
924707
387944
553856
380921
241008
785509
414502
769547
804337
242496
479914
278433
173646
144256
974074
251937
848001
651050
943193
514220
404122
323656
828849
506631
984635
611489
319793
711679
209344
889865
526342
173865
843983
683391
128485
266718
603160
547431
155686
441209
357326
519039
816258
428582
625949
478097
153168
255395
717359
786055
231525
583637
455671
181366
958859
493876
665890
285370
389160
337227
901611
440495
246145
180387
504728
729811
858602
222284
593616
556694
399231
472835
966667
918830
595382
134292
263516
997584
814157
860390
658162
562629
461875
520130
199634
272113
862580
922707
399773
912175
594397
545764
654339
521303
505282
544429
554467
960754
645023
121146
507967
877543
547332
616910
691615
602911
227096
630099
775031
218217
183468
456209
770914
272783
331088
682818
868814
394741
930514
912160
526850
215996
655389
943394
250848
360643
719885
181202
615813
401461
188204
832118
824378
363349
677757
520097
457612
606806
568279
664632
387473
618228
538292
832421
794589
803312
769467
688552
208659
114453
551512
145459
557038
747751
349405
516045
237366
804095
293718
724225
492959
926154
288999
422368
118491
700573
783648
105426
261335
833670
541886
815099
205617
272530
543087
807140
542344
609196
274977
445829
129535
106001
656757
125959
897325
811005
142479
596166
406296
382225
761312
762223
639658
827205
601468
956055
877969
622023
883008
676386
543525
148604
208080
735820
752138
724176
795050
337256
337487
