1016216
1016217
1016218
1016219
1016220
1016221
1016222
1016223
1016224
1016225
1016226
1016227
1016228
1016229
1016230
1016231
1016232
1016233
1016234
1016235
1016236
1016237
1016238
1016239
1016240
1016241
1016242
1016243
1016244
1016245
1016246
1016247
1016248
1016249
1016250
1016251
1016252
1016253
1016254
1016255
1016256
1016257
1016258
1016259
1016260
1016261
1016262
1016263
1016264
1016265
1016266
1016267
1016268
1016269
1016270
1016271
1016272
1016273
1016274
1016275
1016276
1016277
1016278
1016279
1016280
1016281
1016282
1016283
1016284
1016285
1016286
1016287
1016288
1016289
1016290
1016291
1016292
1016293
1016294
1016295
1016296
1016297
1016298
1016299
1016300
1016301
1016302
1016303
1016304
1016305
1016306
1016307
1016308
1016309
1016310
1016311
1016312
1016313
1016314
1016315
1016316
1016317
1016318
1016319
1016320
1016321
1016322
1016323
1016324
1016325
1016326
1016327
1016328
1016329
1016330
1016331
1016332
1016333
1016334
1016335
1016336
1016337
1016338
1016339
1016340
1016341
1016342
1016343
1016344
1016345
1016346
1016347
1016348
1016349
1016350
1016351
1016352
1016353
1016354
1016355
1016356
1016357
1016358
1016359
1016360
1016361
1016362
1016363
1016364
1016365
1016366
1016367
1016368
1016369
1016370
1016371
1016372
1016373
1016374
1016375
1016376
1016377
1016378
1016379
1016380
1016381
1016382
1016383
1016384
1016385
1016386
1016387
1016388
1016389
1016390
1016391
1016392
1016393
1016394
1016395
1016396
1016397
1016398
1016399
1016400
1016401
1016402
1016403
1016404
1016405
1016406
1016407
1016408
1016409
1016410
1016411
1016412
1016413
1016414
1016415
1016416
1016417
1016418
1016419
1016420
1016421
1016422
1016423
1016424
1016425
1016426
1016427
1016428
1016429
1016430
1016431
1016432
1016433
1016434
1016435
1016436
1016437
1016438
1016439
1016440
1016441
1016442
1016443
1016444
1016445
1016446
1016447
1016448
1016449
1016450
1016451
1016452
1016453
1016454
1016455
1016456
1016457
1016458
1016459
1016460
1016461
1016462
1016463
1016464
1016465
1016466
1016467
1016468
1016469
1016470
1016471
1016472
1016473
1016474
1016475
1016476
1016477
1016478
1016479
1016480
1016481
1016482
1016483
1016484
1016485
1016486
1016487
1016488
1016489
1016490
1016491
1016492
1016493
1016494
1016495
1016496
1016497
1016498
1016499
1016500
1016501
1016502
1016503
1016504
1016505
1016506
1016507
1016508
1016509
1016510
1016511
1016512
1016513
1016514
1016515
1016516
1016517
1016518
1016519
1016520
1016521
1016522
1016523
1016524
1016525
1016526
1016527
1016528
1016529
1016530
1016531
1016532
1016533
1016534
1016535
1016536
1016537
1016538
1016539
1016540
1016541
1016542
1016543
1016544
1016545
1016546
1016547
1016548
1016549
1016550
1016551
1016552
1016553
1016554
1016555
1016556
1016557
1016558
1016559
1016560
1016561
1016562
1016563
1016564
1016565
1016566
1016567
1016568
1016569
1016570
1016571
1016572
1016573
1016574
1016575
1016576
1016577
1016578
1016579
1016580
1016581
1016582
1016583
1016584
1016585
1016586
1016587
1016588
1016589
1016590
1016591
1016592
1016593
1016594
1016595
1016596
1016597
1016598
1016599
1016600
1016601
1016602
1016603
1016604
1016605
1016606
1016607
1016608
1016609
1016610
1016611
1016612
1016613
1016614
1016615
1016616
1016617
1016618
1016619
1016620
1016621
1016622
1016623
1016624
1016625
1016626
1016627
1016628
1016629
1016630
1016631
1016632
1016633
1016634
1016635
1016636
1016637
1016638
1016639
1016640
1016641
1016642
1016643
1016644
1016645
1016646
1016647
1016648
1016649
1016650
1016651
1016652
1016653
1016654
1016655
1016656
1016657
1016658
1016659
1016660
1016661
1016662
1016663
1016664
1016665
1016666
1016667
1016668
1016669
1016670
1016671
1016672
1016673
1016674
1016675
1016676
1016677
1016678
1016679
1016680
1016681
1016682
1016683
1016684
1016685
1016686
1016687
1016688
1016689
1016690
1016691
1016692
1016693
1016694
1016695
1016696
1016697
1016698
1016699
1016700
1016701
1016702
1016703
1016704
1016705
1016706
1016707
1016708
1016709
1016710
1016711
1016712
1016713
1016714
1016715
