105426
106001
110000
114453
118491
121146
125959
128485
129257
129535
133124
134292
139263
142479
144256
145459
148604
153168
155686
170803
173646
173865
180387
181053
181202
181366
183468
187281
188204
199634
205617
208080
208659
209249
209344
215996
218217
222284
227096
231525
237366
241008
242496
246145
250848
251937
255395
257203
258309
261335
262801
263516
265562
266718
272113
272530
272783
274977
278433
282351
285370
288999
290637
293718
313362
319793
321555
323656
330885
331088
337227
337256
337487
339822
349405
357326
360643
362571
363349
380811
380921
382225
383059
387473
387944
388040
389160
389908
394741
396746
399231
399773
401461
404122
404616
406296
414502
422368
424791
428582
428867
436891
440495
441209
445829
449277
451107
455671
456209
457612
461875
472835
478097
479914
481684
486329
492959
493876
499308
504728
505282
506631
507967
508946
514220
516045
519039
520097
520130
521303
524243
526342
526850
527405
535470
536504
538292
541886
542344
543087
543525
544429
545764
547332
547386
547431
551512
553856
554467
556694
557038
559187
562246
562629
568279
583637
593616
594397
595382
596166
601468
602911
603160
606806
609196
611489
614368
615813
616910
618228
622023
623475
625949
630099
635772
639658
645023
651050
654339
655389
656757
658162
659871
664632
665890
676386
677757
682818
683391
688552
691615
698446
700573
706072
710053
710889
711679
717359
719885
724176
724225
729811
733264
735820
747622
747751
752138
761312
761523
762223
764451
769467
769547
770914
775031
783648
785509
786055
794589
795050
796950
803312
804095
804337
807140
809902
811005
811167
814157
815099
816258
816565
824378
827205
828849
832118
832421
833670
837035
843983
848001
853377
857115
858602
860390
862580
864539
868059
868814
877543
877969
879019
883008
889865
897325
901611
912160
912175
918830
922707
924707
926154
929781
930432
930514
931833
932015
940411
943193
943394
956055
958859
958934
960754
966667
974074
984635
986123
989767
997584
1011075
1011080
1011082
1011083
1011088
1011091
1011096
1011101
1011108
1011114
1011127
1011132
1011133
1011148
1011154
1011156
1011166
1011169
1011177
1011179
1011198
1011200
1011209
1011214
1011216
1011238
1011249
1011252
1011263
1011264
1011266
1011281
1011288
1011291
1011300
1011305
1011306
1011307
1011308
1011313
1011326
1011333
1011335
1011340
1011342
1011354
1011358
1011360
1011364
1011375
1011389
1011391
1011394
1011413
1011423
1011428
1011429
1011434
1011440
1011454
1011455
1011457
1011463
1011473
1011474
1011479
1011480
1011491
1011493
1011494
1011496
1011507
1011509
1011515
1011523
1011525
1011526
1011531
1011536
1011547
1011556
1011559
1011579
1011589
1011594
1011606
1011636
1011643
1011661
1011673
1011681
1011691
1011692
1011695
1011698
1011710
1011731
1011733
1011754
1011763
1011765
1011769
1011770
1011775
1011806
1011811
1011812
1011828
1011837
1011840
1011841
1011856
1011858
1011865
1011894
1011907
1011911
1011917
1011921
1011923
1011950
1011951
1011956
1011969
1011973
1011979
1012167
1012172
1012174
1012177
1012180
1012183
1012188
1012189
1012191
1012200
1012201
1012213
1012218
1012245
1012247
1012251
1012252
1012257
1012261
1012271
1012272
1012273
1012274
1012282
1012286
1012290
1012292
1012293
1012299
1012302
1012306
1012308
1012312
1012331
1012341
1012342
1012343
1012360
1012388
1012402
1012415
1012419
1012438
1012440
1012441
1012442
1012524
1012573
1012578
1012579
1012580
1012584
1012586
1012589
1012606
1012615
1012623
1012627
1012648
1012651
1012656
1012661
1012666
1012672
1012676
1012680
1012691
1012692
1012698
1012699
1012719
1012738
1012740
1012749
1012755
1012785
1012836
1013029
1014477
1014481
1014482
1015100
1015112
1015118
1015119
1015120
1015444
1015726
1015728
1016057
1016168
1016169
1016176
1016215
1016216
1016217
1016218
1016219
1016220
1016221
1016222
1016223
1016224
1016225
1016226
1016227
1016228
1016229
1016230
1016231
1016232
1016233
1016234
1016235
1016236
1016237
1016238
1016239
1016240
1016241
1016242
1016243
1016244
1016245
1016246
1016247
1016248
1016249
1016250
1016251
1016252
1016253
1016254
1016255
1016256
1016257
1016258
1016259
1016260
1016261
1016262
1016263
1016264
1016265
1016266
1016267
1016268
1016269
1016270
1016271
1016272
1016273
1016274
1016275
1016276
1016277
1016278
1016279
1016280
1016281
1016282
1016283
1016284
1016285
1016286
1016287
1016288
1016289
1016290
1016291
1016292
1016293
1016294
1016295
1016296
1016297
1016298
1016299
1016300
1016301
1016302
1016303
1016304
1016305
1016306
1016307
1016308
1016309
1016310
1016311
1016312
1016313
1016314
1016315
1016316
1016317
1016318
1016319
1016320
1016321
1016322
1016323
1016324
1016325
1016326
1016327
1016328
1016329
1016330
1016331
1016332
1016333
1016334
1016335
1016336
1016337
1016338
1016339
1016340
1016341
1016342
1016343
1016344
1016345
1016346
1016347
1016348
1016349
1016350
1016351
1016352
1016353
1016354
1016355
1016356
1016357
1016358
1016359
1016360
1016361
1016362
1016363
1016364
1016365
1016366
1016367
1016368
1016369
1016370
1016371
1016372
1016373
1016374
1016375
1016376
1016377
1016378
1016379
1016380
1016381
1016382
1016383
1016384
1016385
1016386
1016387
1016388
1016389
1016390
1016391
1016392
1016393
1016394
1016395
1016396
1016397
1016398
1016399
1016400
1016401
1016402
1016403
1016404
1016405
1016406
1016407
1016408
1016409
1016410
1016411
1016412
1016413
1016414
1016415
1016416
1016417
1016418
1016419
1016420
1016421
1016422
1016423
1016424
1016425
1016426
1016427
1016428
1016429
1016430
1016431
1016432
1016433
1016434
1016435
1016436
1016437
1016438
1016439
1016440
1016441
1016442
1016443
1016444
1016445
1016446
1016447
1016448
1016449
1016450
1016451
1016452
1016453
1016454
1016455
1016456
1016457
1016458
1016459
1016460
1016461
1016462
1016463
1016464
1016465
1016466
1016467
1016468
1016469
1016470
1016471
1016472
1016473
1016474
1016475
1016476
1016477
1016478
1016479
1016480
1016481
1016482
1016483
1016484
1016485
1016486
1016487
1016488
1016489
1016490
1016491
1016492
1016493
1016494
1016495
1016496
1016497
1016498
1016499
1016500
1016501
1016502
1016503
1016504
1016505
1016506
1016507
1016508
1016509
1016510
1016511
1016512
1016513
1016514
1016515
1016516
1016517
1016518
1016519
1016520
1016521
1016522
1016523
1016524
1016525
1016526
1016527
1016528
1016529
1016530
1016531
1016532
1016533
1016534
1016535
1016536
1016537
1016538
1016539
1016540
1016541
1016542
1016543
1016544
1016545
1016546
1016547
1016548
1016549
1016550
1016551
1016552
1016553
1016554
1016555
1016556
1016557
1016558
1016559
1016560
1016561
1016562
1016563
1016564
1016565
1016566
1016567
1016568
1016569
1016570
1016571
1016572
1016573
1016574
1016575
1016576
1016577
1016578
1016579
1016580
1016581
1016582
1016583
1016584
1016585
1016586
1016587
1016588
1016589
1016590
1016591
1016592
1016593
1016594
1016595
1016596
1016597
1016598
1016599
1016600
1016601
1016602
1016603
1016604
1016605
1016606
1016607
1016608
1016609
1016610
1016611
1016612
1016613
1016614
1016615
1016616
1016617
1016618
1016619
1016620
1016621
1016622
1016623
1016624
1016625
1016626
1016627
1016628
1016629
1016630
1016631
1016632
1016633
1016634
1016635
1016636
1016637
1016638
1016639
1016640
1016641
1016642
1016643
1016644
1016645
1016646
1016647
1016648
1016649
1016650
1016651
1016652
1016653
1016654
1016655
1016656
1016657
1016658
1016659
1016660
1016661
1016662
1016663
1016664
1016665
1016666
1016667
1016668
1016669
1016670
1016671
1016672
1016673
1016674
1016675
1016676
1016677
1016678
1016679
1016680
1016681
1016682
1016683
1016684
1016685
1016686
1016687
1016688
1016689
1016690
1016691
1016692
1016693
1016694
1016695
1016696
1016697
1016698
1016699
1016700
1016701
1016702
1016703
1016704
1016705
1016706
1016707
1016708
1016709
1016710
1016711
1016712
1016713
1016714
1016715
