879019
536504
698446
262801
404616
562246
764451
958934
362571
559187
864539
868059
181053
313362
499308
383059
258309
282351
837035
853377
623475
986123
989767
706072
424791
932015
330885
449277
139263
133124
388040
257203
339822
747622
635772
796950
761523
129257
527405
811167
436891
187281
481684
451107
209249
389908
931833
428867
809902
929781
710889
857115
290637
659871
396746
816565
733264
614368
508946
710053
940411
524243
321555
547386
930432
265562
380811
535470
486329
170803
924707
387944
553856
380921
241008
785509
414502
769547
804337
242496
479914
278433
173646
144256
974074
251937
848001
651050
943193
514220
404122
323656
828849
506631
984635
611489
319793
711679
209344
889865
526342
173865
843983
683391
128485
266718
603160
547431
155686
441209
357326
519039
816258
428582
625949
478097
153168
255395
717359
786055
231525
583637
455671
181366
958859
493876
665890
285370
389160
337227
901611
440495
246145
180387
504728
729811
858602
222284
593616
556694
399231
472835
966667
918830
595382
134292
263516
997584
814157
860390
658162
562629
461875
520130
199634
272113
862580
922707
399773
912175
594397
545764
654339
521303
505282
544429
554467
960754
645023
121146
507967
877543
547332
616910
691615
602911
227096
630099
775031
218217
183468
456209
770914
272783
331088
682818
868814
394741
930514
912160
526850
215996
655389
943394
250848
360643
719885
181202
615813
401461
188204
832118
824378
363349
677757
520097
457612
606806
568279
664632
387473
618228
538292
832421
794589
803312
769467
688552
208659
114453
551512
145459
557038
747751
349405
516045
237366
804095
293718
724225
492959
926154
288999
422368
118491
700573
783648
105426
261335
833670
541886
815099
205617
272530
543087
807140
542344
609196
274977
445829
129535
106001
656757
125959
897325
811005
142479
596166
406296
382225
761312
762223
639658
827205
601468
956055
877969
622023
883008
676386
543525
148604
208080
735820
752138
724176
795050
337256
337487
